Image_url <- c(
  "1" = "https://picx.zhimg.com/v2-145be24ba9dba05affad055b8e315f47_1440w.jpg",
  "2" = "https://pic4.zhimg.com/v2-c4d66d1a5c23c4b14a51b9805f6532d7_1440w.jpg",
  "3" = "https://pic1.zhimg.com/v2-0badcd64aad8a359b3cb3d86e38f67bc_1440w.jpg",
  "4" = "https://pica.zhimg.com/v2-237e1d47a2986f2e3e81447d8316d696_1440w.jpg",
  "5" = "https://pic1.zhimg.com/v2-5816251cba94277e760e881b79abe842_1440w.jpg",
  "6" = "https://pic3.zhimg.com/v2-b3aa15d6a268254b34c2d8000fd66fe0_1440w.jpg",
  "7" = "https://pic4.zhimg.com/v2-91c7e5f107cd7912c8c8df175dc88893_1440w.jpg",
  "8" = "https://pica.zhimg.com/v2-a5cb14a952a06ed7ce9ae76840539346_1440w.jpg"
)



HEX_color <- list()
HEX_color[[1]] <- c("#1d52a1","#716db2","#65c8cc","#72c15a","#f0e94b","#f3793b","#c6519f","#f3878d")
HEX_color[[2]] <- c("#78a236","#ee502c","#f3878d","#c87323","#611912","#c6519f","#716db2","#30499c","#65c8cc","#fad031")
HEX_color[[3]] <- c("#35297b","#396eb5","#0ca5c2","#84bd71","#f2bc3c","#f6e700")
HEX_color[[4]] <- c("#b3ffff","#ffd8d9","#fff2a2","#95edf7","#d9ffd8","#fea8ff","#fcffa1","#03fd03","#fe7f83","#ffbf41")
HEX_color[[5]] <- c("#783299","#445d80","#4b97b4","#00a000","#fc00ff","#ff7800","#00d3e0")
HEX_color[[6]] <- c("#0271bc","#05e2fd","#d85316","#fea532","#d29502","#fffb3f","#fb5dfd","#7d2f8e")
HEX_color[[7]] <- c("#2a82c4","#25b99d","#d7ba54","#eee922")
HEX_color[[8]] <- c("#31123a","#4454c4","#4491fe","#20c7e0","#28efa3","#7eff55","#c1f235","#f1ca39","#fd922a","#eb4f0e","#be2002","#790403")


RGB_color <- list()
RGB_color[[1]] <- c("29,82,161","113,109,178","101,200,204","114,193,90","240,233,75","243,121,59","198,81,159","243,135,141")
RGB_color[[2]] <- c("120,162,54","238,80,44","243,135,141","200,115,35","97,25,18","198,81,159","113,109,178","48,73,156","101,200,204","250,208,49")
RGB_color[[3]] <- c("53,41,123","57,110,181","12,165,194","132,189,113","242,188,60","246,231,0")
RGB_color[[4]] <- c("179,255,255","255,216,217","255,242,162","149,237,247","217,255,216","254,168,255","252,255,161","3,253,3","254,127,131","255,191,65")
RGB_color[[5]] <- c("120,50,153","68,93,128","75,151,180","0,160,0","252,0,255","255,120,0","0,211,224")
RGB_color[[6]] <- c("2,113,188","5,226,253","216,83,22","254,165,50","210,149,2","255,251,63","251,93,253","125,47,142")
RGB_color[[7]] <- c("42,130,196","37,185,157","215,186,84","238,233,34")
RGB_color[[8]] <- c("49,18,58","68,84,196","68,145,254","32,199,224","40,239,163","126,255,85","193,242,53","241,202,57","253,146,42","235,79,14","190,32,2","121,4,3")






